_viz_0 = nengo_gui.components.Value(sensor)
_viz_config[_viz_0].max_value = 1
_viz_config[_viz_0].min_value = -1
_viz_config[_viz_0].show_legend = False
_viz_config[_viz_0].legend_labels = ['label_0']
_viz_config[_viz_0].synapse = 0.01
_viz_config[_viz_0].x = 0.6893698853508344
_viz_config[_viz_0].y = 0.7852764923808192
_viz_config[_viz_0].width = 0.10330578512396695
_viz_config[_viz_0].height = 0.1607717041800643
_viz_config[_viz_0].label_visible = True
_viz_2 = nengo_gui.components.Slider(target)
_viz_config[_viz_2].max_value = 1
_viz_config[_viz_2].min_value = -1
_viz_config[_viz_2].x = 0.32676657956571065
_viz_config[_viz_2].y = 0.23439700125821333
_viz_config[_viz_2].width = 0.05165289256198347
_viz_config[_viz_2].height = 0.1607717041800643
_viz_config[_viz_2].label_visible = True
_viz_net_graph = nengo_gui.components.NetGraph()
_viz_progress = nengo_gui.components.Progress()
_viz_config[_viz_progress].x = 0
_viz_config[_viz_progress].y = 0
_viz_config[_viz_progress].width = 100
_viz_config[_viz_progress].height = 100
_viz_config[_viz_progress].label_visible = True
_viz_sim_control = nengo_gui.components.SimControl()
_viz_config[_viz_sim_control].shown_time = 0.5
_viz_config[_viz_sim_control].kept_time = 4.0
_viz_config[error].pos=(0.49999999999999994, 0.49999999999999994)
_viz_config[error].size=(0.09803921568627451, 0.10869565217391303)
_viz_config[model].pos=(0, 0)
_viz_config[model].size=(1.0, 1.0)
_viz_config[model].expanded=True
_viz_config[model].has_layout=True
_viz_config[motor].pos=(0.872549019607843, 0.49999999999999994)
_viz_config[motor].size=(0.07843137254901959, 0.08695652173913043)
_viz_config[sensor].pos=(0.12745098039215685, 0.8043478260869565)
_viz_config[sensor].size=(0.07843137254901959, 0.08695652173913043)
_viz_config[target].pos=(0.12745098039215685, 0.19565217391304346)
_viz_config[target].size=(0.07843137254901959, 0.08695652173913043)